MEME version 4

ALPHABET= ACGT

MOTIF selexconsensus_Hr46
letter-probability matrix: alength= 4
0	0	1	0
0	0	1	0
0	0	1	0
0	0	0	1
0	1	0	0
1	0	0	0

MOTIF stark_GGGGAWYCMC
letter-probability matrix: alength= 4
0	0	1	0
0	0	1	0
0	0	1	0
0	0	1	0
1	0	0	0
0.5	0	0	0.5
0	0.5	0	0.5
0	1	0	0
0.5	0.5	0	0
0	1	0	0

MOTIF flyfactorsurvey_ftz_f1_FlyReg_FBgn0001078
letter-probability matrix: alength= 4
0	0	0.6666666667	0.3333333333
0	1	0	0
0.3333333333	0	0.6666666667	0
0	0	1	0
0	0.3333333333	0	0.6666666667
0	0	1	0
0.6666666667	0	0	0.3333333333
0	1	0	0
0	1	0	0
0	0	0	1
0	0	0	1
0	0.6666666667	0.3333333333	0
0.3333333333	0	0.6666666667	0
0.3333333333	0	0.6666666667	0
0.6666666667	0.3333333333	0	0
0	0.6666666667	0	0.3333333333
0	0	0.3333333333	0.6666666667
0	0	0.6666666667	0.3333333333

MOTIF jaspar_MA0249_1
letter-probability matrix: alength= 4
0.0666666667	0.2666666667	0.2	0.4666666667
0.2	0.4666666667	0.2	0.1333333333
0.0666666667	0.2	0.6666666667	0.0666666667
0	0.9333333333	0.0666666667	0
0.7333333333	0.2	0.0666666667	0
0	0.2666666667	0.0666666667	0.6666666667
0.4666666667	0.0666666667	0.3333333333	0.1333333333
0	0	0	1
0	0	0.8	0.2
0.0666666667	0	0.1333333333	0.8
0.0666666667	0.1333333333	0.1333333333	0.6666666667
0.1333333333	0.2	0.5333333333	0.1333333333

MOTIF flyfactorsurvey_C15_Cell_FBgn0004863
letter-probability matrix: alength= 4
0.1052631579	0.2105263158	0.4210526316	0.2631578947
0.0526315789	0.0526315789	0	0.8947368421
0	0	0	1
0.8947368421	0	0	0.1052631579
1	0	0	0
0.3157894737	0.1052631579	0	0.5789473684
0	0.1578947368	0.3157894737	0.5263157895
0.5263157895	0	0.4736842105	0

MOTIF flyfactorsurvey_Dfd_FlyReg_FBgn0000439
letter-probability matrix: alength= 4
0.0625	0.125	0.125	0.6875
0.0625	0	0	0.9375
0.9375	0.0625	0	0
0.9375	0.0625	0	0
0	0	0	1
0.0625	0	0.3125	0.625
0.5	0	0.375	0.125
0	0.3125	0.125	0.5625

MOTIF flyfactorsurvey_CG12029_SOLEXA_5_FBgn0035454
letter-probability matrix: alength= 4
0.2386634845	0.1360381862	0.3544152745	0.2708830549
0.2556701031	0.1515463918	0.3886597938	0.2041237113
0.2407063197	0.0176579926	0.18866171	0.5529739777
0.0557620818	0.0018587361	0.9107806691	0.031598513
0.0083643123	0.0027881041	0.9581784387	0.030669145
0.0092936803	0	0.9869888476	0.0037174721
0.0901486989	0.220260223	0	0.6895910781
0.0083643123	0	0.9832713755	0.0083643123
0.0102230483	0.0408921933	0.1013011152	0.8475836431
0.0111524164	0	0.9776951673	0.0111524164
0.0083643123	0.0195167286	0.8466542751	0.125464684
0.0167286245	0.7128252788	0	0.2704460967
0.1988847584	0.3048327138	0.1617100372	0.3345724907
0.1566380134	0.2655205349	0.3161413563	0.2617000955
0.1767676768	0.1717171717	0.3373737374	0.3141414141

MOTIF flyfactorsurvey_Antp_FlyReg_FBgn0000095
letter-probability matrix: alength= 4
0.6666666667	0	0	0.3333333333
0	0	0	1
0.9166666667	0	0.0833333333	0
1	0	0	0
0	0	0.25	0.75
0.25	0	0	0.75

MOTIF jaspar_MA0256_1
letter-probability matrix: alength= 4
0.125	0.5625	0	0.3125
0	0	0	1
1	0	0	0
1	0	0	0
0	0	0	1
0	0	0.6875	0.3125
1	0	0	0

MOTIF flyfactorsurvey_Atf6_SANGER_5_FBgn0033010
letter-probability matrix: alength= 4
0	0	1	0
0.1666666667	0.6666666667	0.1666666667	0
0	0	0	1
0	0	1	0
0.8333333333	0.1666666667	0	0
0	1	0	0
0	0	0.8333333333	0.1666666667
0	0	0	1
0	0	1	0
0.1666666667	0	0.6666666667	0.1666666667
0.3333333333	0.6666666667	0	0
1	0	0	0

MOTIF flyfactorsurvey_Tin_Cell_FBgn0004110
letter-probability matrix: alength= 4
0	0.5625	0.1875	0.25
0.0625	0	0	0.9375
0	0.6875	0.0625	0.25
1	0	0	0
1	0	0	0
0	0	1	0
0	0	0	1
0.1875	0	0.8125	0

MOTIF flyfactorsurvey_tgo_trh_SANGER_5_FBgn0262139
letter-probability matrix: alength= 4
0.380952381	0.1904761905	0.4285714286	0
0	0.0476190476	0.0952380952	0.8571428571
1	0	0	0
0	1	0	0
0	0	0.9523809524	0.0476190476
0	0	0	1
0	0	1	0
0.9047619048	0.0952380952	0	0
0.0476190476	0.7619047619	0.1428571429	0.0476190476
0.0476190476	0.5238095238	0.1904761905	0.2380952381

MOTIF flyfactorsurvey_D19A_F10_12_SANGER_5_FBgn0022935
letter-probability matrix: alength= 4
0	0.1	0.2	0.7
0.1818181818	0	0.8181818182	0
0	0	0	1
0.1818181818	0	0.7272727273	0.0909090909
1	0	0	0
0.9090909091	0	0.0909090909	0
0	0	0	1
0	0	0.9090909091	0.0909090909
0.8181818182	0.1818181818	0	0

MOTIF flyfactorsurvey_zen_FlyReg_FBgn0004053
letter-probability matrix: alength= 4
0.0833333333	0.8333333333	0.0833333333	0
1	0	0	0
0.25	0.0833333333	0	0.6666666667
0	0	0	1
0.5833333333	0	0	0.4166666667
0.8333333333	0	0	0.1666666667
0.6666666667	0	0	0.3333333333
0.4166666667	0.25	0.1666666667	0.1666666667
0.1666666667	0.0833333333	0	0.75
0	0.0833333333	0.1666666667	0.75

MOTIF flyfactorsurvey_CG14962_SANGER_5_FBgn0035407
letter-probability matrix: alength= 4
0.4210526316	0.3684210526	0.2105263158	0
1	0	0	0
0.6315789474	0.1052631579	0.0526315789	0.2105263158
0.3157894737	0.1052631579	0.5263157895	0.0526315789
0.2631578947	0	0.1052631579	0.6315789474
0	0.1052631579	0	0.8947368421
0	0.1052631579	0.8947368421	0
0.9473684211	0	0.0526315789	0
0.8947368421	0	0.1052631579	0
0.7368421053	0	0.1052631579	0.1578947368
0	1	0	0
0.8947368421	0	0.1052631579	0
0	0.7894736842	0.0526315789	0.1578947368

MOTIF flyfactorsurvey_Xrp1_CG6272_SANGER_5_FBgn0036126
letter-probability matrix: alength= 4
0.9411764706	0.0588235294	0	0
0	0	0	1
0	0	0	1
0.3529411765	0	0.5882352941	0.0588235294
0	1	0	0
0.4117647059	0	0.5882352941	0
0	0.7058823529	0	0.2941176471
0.6470588235	0.2941176471	0.0588235294	0
0.9411764706	0	0.0588235294	0
0.0625	0.5	0	0.4375

MOTIF flyfactorsurvey_So_Cell_FBgn0003460
letter-probability matrix: alength= 4
0.4444444444	0.1481481481	0.1851851852	0.2222222222
0.4814814815	0.037037037	0.3703703704	0.1111111111
0	0	0.037037037	0.962962963
0	0	1	0
1	0	0	0
0	0	0.037037037	0.962962963
1	0	0	0

MOTIF flyfactorsurvey_HLH4C_da_SANGER_5_4_FBgn0011277
letter-probability matrix: alength= 4
0.375	0.5	0.125	0
0	1	0	0
1	0	0	0
0	0.7058823529	0	0.2941176471
0.0588235294	0.9411764706	0	0
0	0	0	1
0	0	1	0
0.4117647059	0.4117647059	0.1176470588	0.0588235294
0.1176470588	0.1176470588	0.6470588235	0.1176470588
0.2941176471	0.4705882353	0.1176470588	0.1176470588
0.2352941176	0.7058823529	0	0.0588235294
0.1875	0.6875	0.0625	0.0625

MOTIF flyfactorsurvey_ey_SOLEXA_5_FBgn0005558
letter-probability matrix: alength= 4
0.0505617978	0.4691011236	0.095505618	0.3848314607
0.3590982287	0.0740740741	0.2447665056	0.3220611916
0.0295950156	0.3769470405	0.1292834891	0.4641744548
0.0358255452	0.2710280374	0.4096573209	0.2834890966
0.0327102804	0.0420560748	0.691588785	0.2336448598
0.0889235569	0.0187207488	0.0982839314	0.7940717629
0.0732087227	0.03894081	0.8831775701	0.0046728972
0.031152648	0.2570093458	0.031152648	0.6806853583
0.0015576324	0.2040498442	0.5903426791	0.2040498442
0.0202492212	0.8364485981	0.0046728972	0.1386292835
0.6339563863	0.0031152648	0.3598130841	0.0031152648
0.0514820593	0.1544461778	0.2698907956	0.5241809672
0.0015649452	0.0923317684	0.0219092332	0.8841940532
0.0124610592	0.4392523364	0.5249221184	0.023364486
0.503125	0	0.46875	0.028125
0.3390625	0.053125	0.3078125	0.3
0.0125	0.103125	0.8515625	0.0328125
0.0109546166	0.475743349	0.0172143975	0.4960876369
0.04375	0.0078125	0.925	0.0234375
0.0424528302	0.0204402516	0.2374213836	0.6996855346
0.3591772152	0.0158227848	0.5648734177	0.0601265823
0.7275590551	0.1118110236	0.0708661417	0.0897637795
0.5626959248	0.0815047022	0.2601880878	0.0956112853
0.2897637795	0.1464566929	0.3149606299	0.2488188976
0.1918238994	0.1761006289	0.3805031447	0.251572327

MOTIF flyfactorsurvey_CG4404_SANGER_5_FBgn0030432
letter-probability matrix: alength= 4
0.2666666667	0	0.6666666667	0.0666666667
0	0.9333333333	0.0666666667	0
1	0	0	0
0	0	1	0
0	0.3333333333	0	0.6666666667
1	0	0	0
0.6666666667	0	0	0.3333333333
0.4	0.1333333333	0	0.4666666667
0.0666666667	0	0.1333333333	0.8
0.6666666667	0.0666666667	0.1333333333	0.1333333333
0.3333333333	0.4	0.2666666667	0
0.6	0.2666666667	0.1333333333	0
0	0.3333333333	0.6	0.0666666667
0.2666666667	0.5333333333	0.1333333333	0.0666666667

MOTIF flyfactorsurvey_tgo_ss_SANGER_5_FBgn0003513
letter-probability matrix: alength= 4
0	0.1	0	0.9
0	0	1	0
0	0.9	0	0.1
0	0.1	0.9	0
0	0	0	1
0	0	1	0
1	0	0	0
0	0.8	0	0.2

MOTIF flyfactorsurvey_Clk_cyc_SANGER_5_FBgn0023076
letter-probability matrix: alength= 4
0.5	0.5	0	0
0	1	0	0
0.9	0	0	0.1
0	1	0	0
0	0	1	0
0	0	0	1
0	0	1	0
0.55	0.15	0.25	0.05

MOTIF flyfactorsurvey_CG4136_SOLEXA_FBgn0029775
letter-probability matrix: alength= 4
0.1579778831	0.2812006319	0.112164297	0.448657188
0.018957346	0.0031595577	0.0047393365	0.9731437599
0.9794628752	0.0063191153	0.0110584518	0.0031595577
0.9984202212	0.0015797788	0	0
0	0	0.0173775671	0.9826224329
0.0521327014	0.0221169036	0.1105845182	0.8151658768
0.5939968404	0.0126382306	0.3443917852	0.0489731438

MOTIF stark_BMGYBGYYGYNGMVBV
letter-probability matrix: alength= 4
0	0.3333333333	0.3333333333	0.3333333333
0.5	0.5	0	0
0	0	1	0
0	0.5	0	0.5
0	0.3333333333	0.3333333333	0.3333333333
0	0	1	0
0	0.5	0	0.5
0	0.5	0	0.5
0	0	1	0
0	0.5	0	0.5
0.25	0.25	0.25	0.25
0	0	1	0
0.5	0.5	0	0
0.3333333333	0.3333333333	0.3333333333	0
0	0.3333333333	0.3333333333	0.3333333333
0.3333333333	0.3333333333	0.3333333333	0

MOTIF flyfactorsurvey_Ind_Cell_FBgn0025776
letter-probability matrix: alength= 4
0.0476190476	0.4285714286	0.0952380952	0.4285714286
0.4285714286	0.1904761905	0.2857142857	0.0952380952
0	0.5714285714	0	0.4285714286
0	0	0	1
1	0	0	0
1	0	0	0
0	0	0.0476190476	0.9523809524
0	0	0.380952381	0.619047619
0.9047619048	0	0.0952380952	0

MOTIF flyfactorsurvey_CG7928_SOLEXA_5_FBgn0039740
letter-probability matrix: alength= 4
0.0682352941	0.68	0.0894117647	0.1623529412
0.993166287	0	0	0.006833713
0	0	0.979498861	0.020501139
0	0.0022779043	0.9954441913	0.0022779043
0	0	0.9908883827	0.0091116173
0.4692482916	0.3986332574	0.0318906606	0.1002277904
0.0341685649	0.0956719818	0.013667426	0.8564920273
0.2095671982	0.0318906606	0.7403189066	0.0182232346
0.0728929385	0.5945330296	0.3189066059	0.013667426
0.5968109339	0.1776765376	0.1617312073	0.0637813212
0.2961275626	0.2369020501	0.2824601367	0.1845102506
0.5330296128	0.1343963554	0.2072892938	0.125284738
0.5793103448	0.2712643678	0.0942528736	0.0551724138
0.4643678161	0.1977011494	0.2	0.1379310345

MOTIF flyfactorsurvey_sc_da_SANGER_10_FBgn0000413
letter-probability matrix: alength= 4
0.4782608696	0.2173913043	0.3043478261	0
0	1	0	0
1	0	0	0
0	0.875	0.0416666667	0.0833333333
0	1	0	0
0	0	0	1
0	0	1	0
0	0.6666666667	0.0416666667	0.2916666667

MOTIF flyfactorsurvey_fru_SANGER_10_FBgn0004652
letter-probability matrix: alength= 4
0.2558139535	0.4651162791	0.1860465116	0.0930232558
0.25	0.4318181818	0.1818181818	0.1363636364
0.2826086957	0.4347826087	0.1304347826	0.152173913
0.152173913	0.5	0.1086956522	0.2391304348
0.1739130435	0.3695652174	0.2826086957	0.1739130435
0.5652173913	0.1304347826	0.2608695652	0.0434782609
0.5	0.4565217391	0.0217391304	0.0217391304
0.8695652174	0	0.1304347826	0
0	0.0217391304	0.8695652174	0.1086956522
0	0	0	1
0.9782608696	0	0.0217391304	0
1	0	0	0
0.0869565217	0.3695652174	0	0.5434782609
0.7555555556	0.0222222222	0.1333333333	0.0888888889

MOTIF flyfactorsurvey_tgo_sim_SANGER_5_FBgn0004666
letter-probability matrix: alength= 4
0.2272727273	0.1818181818	0.5909090909	0
0.2727272727	0	0.0909090909	0.6363636364
1	0	0	0
0	1	0	0
0	0	1	0
0	0	0	1
0	0	1	0
0.8636363636	0.1363636364	0	0
0	0.8095238095	0.0476190476	0.1428571429
0	0.619047619	0.1428571429	0.2380952381

MOTIF flyfactorsurvey_Hand_da_SANGER_5_FBgn0032209
letter-probability matrix: alength= 4
0	1	0	0
1	0	0	0
0	0.5	0.4166666667	0.0833333333
1	0	0	0
0	0	0	1
0	0	0.9166666667	0.0833333333
0	0.1666666667	0.8333333333	0
0	0.9166666667	0	0.0833333333
0.0833333333	0.6666666667	0.1666666667	0.0833333333

MOTIF flyfactorsurvey_Dr_Cell_FBgn0000492
letter-probability matrix: alength= 4
0.1904761905	0.380952381	0.4285714286	0
0.5238095238	0.0952380952	0.1904761905	0.1904761905
0.0476190476	0.619047619	0.2857142857	0.0476190476
0	0.7619047619	0	0.2380952381
1	0	0	0
1	0	0	0
0	0	0	1
0	0	0	1
1	0	0	0

MOTIF flyfactorsurvey_Btn_SOLEXA_FBgn0014949
letter-probability matrix: alength= 4
0.1653992395	0.2509505703	0.1159695817	0.4676806084
0.0095057034	0.0076045627	0	0.9828897338
0.9676806084	0.0152091255	0.0095057034	0.0076045627
0.9904942966	0.0076045627	0.0019011407	0
0	0.036121673	0.0323193916	0.9315589354
0.0076045627	0.0380228137	0.4657794677	0.4885931559
0.7775665399	0	0.1939163498	0.0285171103

MOTIF stark_YYWVNYYWDNYS
letter-probability matrix: alength= 4
0	0.5	0	0.5
0	0.5	0	0.5
0.5	0	0	0.5
0.3333333333	0.3333333333	0.3333333333	0
0.25	0.25	0.25	0.25
0	0.5	0	0.5
0	0.5	0	0.5
0.5	0	0	0.5
0.3333333333	0	0.3333333333	0.3333333333
0.25	0.25	0.25	0.25
0	0.5	0	0.5
0	0.5	0.5	0

MOTIF jaspar_MA0171_1
letter-probability matrix: alength= 4
0	0.2307692308	0	0.7692307692
0	0	0	1
1	0	0	0
1	0	0	0
0.0769230769	0	0	0.9230769231
0.1538461538	0.0769230769	0.1538461538	0.6153846154
0.0769230769	0	0.9230769231	0

MOTIF flyfactorsurvey_tai_Clk_SANGER_5_FBgn0023076
letter-probability matrix: alength= 4
0.4090909091	0	0.5909090909	0
0	1	0	0
0.8636363636	0	0.0909090909	0.0454545455
0	1	0	0
0	0	1	0
0	0	0	1
0	0	1	0
0	0.0454545455	0.1363636364	0.8181818182
0	0.6363636364	0.2272727273	0.1363636364

MOTIF selexconsensus_dsx
letter-probability matrix: alength= 4
0.09	0.26	0.39	0.26
0.13	0.26	0.13	0.48
0.48	0.08	0.44	0
0.42	0.27	0.12	0.19
0.15	0.33	0.22	0.3
1	0	0	0
0.03	0.88	0.03	0.06
0.88	0	0	0.12
1	0	0	0
0.18	0	0.03	0.79
0.03	0.06	0.85	0.06
0	0.03	0	0.97
0.45	0.1	0.19	0.26
0.2673267327	0.099009901	0.2673267327	0.3663366337
0	0.52	0.22	0.26
0.27	0.19	0.23	0.31
0.19	0.27	0.23	0.31

MOTIF jaspar_MA0193_1
letter-probability matrix: alength= 4
0	1	0	0
0	0.4736842105	0	0.5263157895
0.8947368421	0.1052631579	0	0
0.0526315789	0.9473684211	0	0
0	0.6315789474	0	0.3684210526
0.9473684211	0	0.0526315789	0
0.6315789474	0	0.2105263158	0.1578947368

MOTIF flyfactorsurvey_lola_PA_SANGER_5_FBgn0005630
letter-probability matrix: alength= 4
0.4166666667	0	0.5833333333	0
0	0	1	0
0	0	1	0
0	0	0	1
0.0833333333	0	0	0.9166666667
0.0833333333	0.4166666667	0	0.5
0.1666666667	0.6666666667	0.0833333333	0.0833333333

MOTIF jaspar_MA0240_1
letter-probability matrix: alength= 4
0.0357142857	0.1428571429	0.1428571429	0.6785714286
0.0357142857	0	0	0.9642857143
0.9642857143	0	0	0.0357142857
1	0	0	0
0	0	0	1
0	0	0	1
0.75	0	0.25	0

MOTIF jaspar_MA0458_1
letter-probability matrix: alength= 4
0.1951219512	0.0731707317	0.3414634146	0.3902439024
0	0	0	1
0.0731707317	0	0.9268292683	0
0	0	0	1
0	0	0.0243902439	0.9756097561
0	0	0.0487804878	0.9512195122
0.6585365854	0	0.0975609756	0.243902439
0.0243902439	0.5365853659	0.1707317073	0.2682926829
0.4146341463	0.1951219512	0.3658536585	0.0243902439
0.0975609756	0.3170731707	0.0731707317	0.512195122
0.3658536585	0.0731707317	0.0975609756	0.4634146341

MOTIF flyfactorsurvey_ken_SANGER_10_FBgn0011236
letter-probability matrix: alength= 4
0.375	0.0416666667	0.5833333333	0
0.0833333333	0	0.9166666667	0
0.5416666667	0.0833333333	0.0416666667	0.3333333333
0	0	1	0
0.9583333333	0	0	0.0416666667
1	0	0	0
1	0	0	0
0	0	1	0
0	0.1666666667	0.125	0.7083333333

MOTIF flyfactorsurvey_Usf_SANGER_5_FBgn0029711
letter-probability matrix: alength= 4
0.5625	0.25	0.1875	0
0.0625	0.625	0.0625	0.25
0	1	0	0
0.8333333333	0	0.1111111111	0.0555555556
0	1	0	0
0.2222222222	0	0.7777777778	0
0	0	0	1
0	0	1	0
0.6666666667	0	0.2222222222	0.1111111111
0	0.6666666667	0.2222222222	0.1111111111

MOTIF flyfactorsurvey_Dfd_Cell_FBgn0000439
letter-probability matrix: alength= 4
0.3333333333	0.375	0.1666666667	0.125
0.0416666667	0.1666666667	0.125	0.6666666667
0	0	0	1
1	0	0	0
1	0	0	0
0	0	0	1
0.0416666667	0	0.7916666667	0.1666666667
0.875	0	0.125	0

MOTIF flyfactorsurvey_Lab_Cell_FBgn0002522
letter-probability matrix: alength= 4
0.0625	0.1875	0	0.75
0	0	0	1
1	0	0	0
1	0	0	0
0.0625	0	0	0.9375
0	0	0.375	0.625
1	0	0	0

MOTIF flyfactorsurvey_sr_SOLEXA_5_FBgn0003499
letter-probability matrix: alength= 4
0.1993598537	0.1554641061	0.3891175126	0.2560585277
0.1335927367	0.2088197147	0.2542153048	0.4033722438
0.1548331908	0.0983746792	0.5902480753	0.1565440547
0.0932420873	0.4610778443	0.1368691189	0.3088109495
0	0	0.996578272	0.003421728
0.0252352438	0.002566296	0.2981180496	0.6740804106
0.1505560308	0	0.8327630453	0.0166809239
0	0	1	0
0	0	0.9837467921	0.0162532079
0.122754491	0.5106928999	0.0389221557	0.3276304534
0.0573139435	0.0384944397	0.8190761334	0.0851154833
0.0889649273	0.0697177074	0.4764756202	0.3648417451
0.2360992301	0.1501283148	0.373823781	0.2399486741
0.1922030825	0.2089755213	0.3245693563	0.2742520399

MOTIF flyfactorsurvey_Met_SANGER_5_FBgn0002723
letter-probability matrix: alength= 4
0	1	0	0
1	0	0	0
0	0.8571428571	0	0.1428571429
0.0476190476	0	0.9523809524	0
0	0	0	1
0	0	0.7619047619	0.2380952381
0	0.1	0.45	0.45

MOTIF flyfactorsurvey_Rx_Cell_FBgn0020617
letter-probability matrix: alength= 4
0.2592592593	0.1851851852	0.4444444444	0.1111111111
0.1111111111	0.4814814815	0	0.4074074074
0	0	0	1
1	0	0	0
1	0	0	0
0	0	0	1
0	0	0	1
0.6296296296	0	0.3703703704	0

MOTIF flyfactorsurvey_wor_SOLEXA_2_5_FBgn0001983
letter-probability matrix: alength= 4
0.2665006227	0.401618929	0.2384806974	0.0933997509
0.0743124634	0.8771211235	0.0029256875	0.0456407256
0.9609810479	0.0105908584	0	0.0284280936
0	0.9866220736	0	0.0133779264
0.0122630992	0.9715719064	0	0.0161649944
0	0	0.0044593088	0.9955406912
0.0050307434	0.0005589715	0.9832308552	0.0111794298
0.0498839907	0.629350348	0.002900232	0.3178654292

MOTIF flyfactorsurvey_twi_da_SANGER_5_FBgn0000413
letter-probability matrix: alength= 4
0.5217391304	0.1739130435	0.3043478261	0
0.0434782609	0.8260869565	0.0869565217	0.0434782609
0	0.9565217391	0	0.0434782609
1	0	0	0
0	0.1304347826	0.6956521739	0.1739130435
0.9565217391	0	0.0434782609	0
0	0	0	1
0	0.0434782609	0.9565217391	0
0	0.0869565217	0.1739130435	0.7391304348
0	0.3181818182	0.3181818182	0.3636363636

MOTIF flyfactorsurvey_aop_SANGER_10_FBgn0000097
letter-probability matrix: alength= 4
0.5263157895	0.1578947368	0.3157894737	0
0	0.8947368421	0.1052631579	0
0	1	0	0
0	0	1	0
0	0	1	0
1	0	0	0
0.9473684211	0	0	0.0526315789
0.2631578947	0	0.7368421053	0
0.0526315789	0.3157894737	0	0.6315789474

MOTIF jaspar_MA0175_1
letter-probability matrix: alength= 4
0.0952380952	0.3333333333	0.0476190476	0.5238095238
0	0	0	1
1	0	0	0
1	0	0	0
0	0	0	1
0.1428571429	0	0.1904761905	0.6666666667
0.380952381	0	0.619047619	0

MOTIF flyfactorsurvey_vfl_SANGER_5_FBgn0259789
letter-probability matrix: alength= 4
0.0555555556	0.0555555556	0.6666666667	0.2222222222
0	1	0	0
1	0	0	0
0	0	1	0
0	0	1	0
0	0	0	1
1	0	0	0
0.1666666667	0.0555555556	0.7777777778	0

MOTIF jaspar_MA0457_1
letter-probability matrix: alength= 4
0.2352941176	0.3529411765	0	0.4117647059
0	0	0	1
0.9411764706	0	0	0.0588235294
1	0	0	0
0	0	0	1
0.0588235294	0	0.0588235294	0.8823529412
0.4705882353	0.0588235294	0.2352941176	0.2352941176

MOTIF flyfactorsurvey_CG11071_SANGER_5_FBgn0030532
letter-probability matrix: alength= 4
0	0.3636363636	0	0.6363636364
0.4545454545	0.3636363636	0.1818181818	0
0.5454545455	0.2727272727	0.1818181818	0
0	0	1	0
0	1	0	0
0	1	0	0
0	0.0909090909	0	0.9090909091
1	0	0	0
0	0.4545454545	0	0.5454545455
0.3636363636	0.1818181818	0.0909090909	0.3636363636
0.0909090909	0.1818181818	0.4545454545	0.2727272727
0.6363636364	0.3636363636	0	0

MOTIF stark_VSNKTDATKRCNV
letter-probability matrix: alength= 4
0.3333333333	0.3333333333	0.3333333333	0
0	0.5	0.5	0
0.25	0.25	0.25	0.25
0	0	0.5	0.5
0	0	0	1
0.3333333333	0	0.3333333333	0.3333333333
1	0	0	0
0	0	0	1
0	0	0.5	0.5
0.5	0	0.5	0
0	1	0	0
0.25	0.25	0.25	0.25
0.3333333333	0.3333333333	0.3333333333	0

MOTIF flyfactorsurvey_ttk_NAR_FBgn0003870
letter-probability matrix: alength= 4
0.4545454545	0.3636363636	0.1363636364	0.0454545455
1	0	0	0
0	0	1	0
0	0	1	0
1	0	0	0
0	0.2272727273	0	0.7727272727
0.9545454545	0	0	0.0454545455
1	0	0	0
0.0454545455	0.2272727273	0.1363636364	0.5909090909

MOTIF flyfactorsurvey_Deaf1_FlyReg_FBgn0013799
letter-probability matrix: alength= 4
0	0.3	0	0.7
0	0	0	1
0	1	0	0
0	0	1	0
0	0	0.5	0.5
0.1	0.3	0.4	0.2

MOTIF transfac_pro_M00171
letter-probability matrix: alength= 4
0	0.5454545455	0.2727272727	0.1818181818
0.1818181818	0.6363636364	0.0909090909	0.0909090909
0	0	1	0
0.0909090909	0.7272727273	0	0.1818181818
0	0.4545454545	0.1818181818	0.3636363636
0	0	1	0
0.0909090909	0.6363636364	0	0.2727272727
0.0909090909	0.3636363636	0.0909090909	0.4545454545
0	0	1	0
0.0909090909	0.5454545455	0	0.3636363636
0.1818181818	0.4545454545	0.1818181818	0.1818181818
0	0	1	0
0.1818181818	0.8181818182	0	0
0.1818181818	0.5454545455	0.1818181818	0.0909090909
0	0.1818181818	0.5454545455	0.2727272727
0.3636363636	0.2727272727	0.3636363636	0

MOTIF flyfactorsurvey_sens_SANGER_10_FBgn0002573
letter-probability matrix: alength= 4
0.1764705882	0	0.7647058824	0.0588235294
0	0.8636363636	0	0.1363636364
0.1818181818	0.4090909091	0	0.4090909091
0	0.0454545455	0.9090909091	0.0454545455
0.1818181818	0	0	0.8181818182
0	0	1	0
1	0	0	0
0	0	0	1
0	0	0	1
0	0.0454545455	0	0.9545454545

MOTIF flyfactorsurvey_brk_FlyReg_FBgn0024250
letter-probability matrix: alength= 4
0.1	0.5	0.4	0
0	0.4	0	0.6
0	0	1	0
0	0	1	0
0	1	0	0
0.1	0	0.9	0
0.1	0.8	0	0.1
0	0.5	0.1	0.4

MOTIF stark_TTTATG
letter-probability matrix: alength= 4
0	0	0	1
0	0	0	1
0	0	0	1
1	0	0	0
0	0	0	1
0	0	1	0

MOTIF jaspar_MA0184_1
letter-probability matrix: alength= 4
0.1	0.45	0.15	0.3
0	0	0	1
0.9	0	0	0.1
1	0	0	0
0	0	0	1
0	0	0.05	0.95
0.7	0	0.3	0

MOTIF flyfactorsurvey_l_3_neo38_SANGER_2_5_FBgn0086910
letter-probability matrix: alength= 4
0.4	0	0.45	0.15
0	0.15	0.85	0
0.1	0.05	0.75	0.1
0	0	0.85	0.15
0.25	0	0.75	0
0	0	0.7	0.3
0	0.05	0.6	0.35
0.05	0	0.95	0
0	0	0.9	0.1
0.2	0.05	0.75	0
0.05	0.05	0.9	0
0.05	0.05	0.75	0.15
0.05	0.25	0.5	0.2
0.6	0.25	0.05	0.1
0.1	0.35	0.25	0.3
0.3	0.1	0.55	0.05
0.15	0	0.3	0.55
0.1	0.05	0.65	0.2
0.1666666667	0.2222222222	0.0555555556	0.5555555556

MOTIF flyfactorsurvey_BH2_SOLEXA_FBgn0004854
letter-probability matrix: alength= 4
0.1832061069	0.2311886587	0.3151581243	0.2704471101
0.1984732824	0.227917121	0.0610687023	0.5125408942
0.0338058888	0	0	0.9661941112
1	0	0	0
1	0	0	0
0.2377317339	0	0.0370774264	0.7251908397
0.0817884406	0.2846237732	0.1145038168	0.5190839695
0.2868047983	0.1014176663	0.5899672846	0.0218102508

MOTIF jaspar_MA0449_1
letter-probability matrix: alength= 4
0.0294117647	0.0588235294	0.8823529412	0.0294117647
0.0882352941	0.2058823529	0.5	0.2058823529
0.0294117647	0.9117647059	0.0294117647	0.0294117647
0.6470588235	0.0294117647	0.2941176471	0.0294117647
0.0294117647	0.8823529412	0.0294117647	0.0588235294
0.0588235294	0.0294117647	0.8823529412	0.0294117647
0.0294117647	0.2941176471	0.0294117647	0.6470588235
0.0294117647	0.0294117647	0.9117647059	0.0294117647
0.2058823529	0.5	0.2058823529	0.0882352941
0.0294117647	0.8823529412	0.0588235294	0.0294117647

MOTIF flyfactorsurvey_Oli_da_SANGER_5_3_FBgn0032651
letter-probability matrix: alength= 4
0.625	0.3125	0.0625	0
0	1	0	0
1	0	0	0
0	0.0625	0	0.9375
0.1875	0.8125	0	0
0	0	0	1
0	0	1	0
0	0.0625	0.375	0.5625
0	0.6875	0	0.3125

MOTIF stark_TTNNRCAATM
letter-probability matrix: alength= 4
0	0	0	1
0	0	0	1
0.25	0.25	0.25	0.25
0.25	0.25	0.25	0.25
0.5	0	0.5	0
0	1	0	0
1	0	0	0
1	0	0	0
0	0	0	1
0.5	0.5	0	0

MOTIF flyfactorsurvey_Ptx1_Cell_FBgn0020912
letter-probability matrix: alength= 4
0	0.25	0.05	0.7
0	0	0	1
1	0	0	0
1	0	0	0
0	0	0	1
0	1	0	0
0	0.95	0	0.05

MOTIF flyfactorsurvey_CG5953_SANGER_5_FBgn0032587
letter-probability matrix: alength= 4
0.625	0.1875	0	0.1875
0	1	0	0
1	0	0	0
1	0	0	0
1	0	0	0
0	1	0	0
1	0	0	0
0.0625	0.3125	0	0.625

MOTIF transfac_pro_M00111
letter-probability matrix: alength= 4
0.15	0.04	0.8	0.01
0.25	0.06	0.66	0.03
0.01	0.03	0.93	0.03
0.02	0.04	0.9	0.04
0.01	0	0.07	0.92
0	0.84	0.1	0.06
0.8	0.05	0.14	0.01
0.11	0.47	0.11	0.31
0.12	0.29	0.49	0.1

MOTIF flyfactorsurvey_Lim1_Cell_FBgn0026411
letter-probability matrix: alength= 4
0	0.1111111111	0	0.8888888889
0	0	0	1
1	0	0	0
1	0	0	0
0	0	0	1
0	0	0	1
0.9444444444	0	0.0555555556	0

MOTIF stark_HSWAACHGH
letter-probability matrix: alength= 4
0.3333333333	0.3333333333	0	0.3333333333
0	0.5	0.5	0
0.5	0	0	0.5
1	0	0	0
1	0	0	0
0	1	0	0
0.3333333333	0.3333333333	0	0.3333333333
0	0	1	0
0.3333333333	0.3333333333	0	0.3333333333

MOTIF flyfactorsurvey_suHw_FlyReg_FBgn0003567
letter-probability matrix: alength= 4
0.3333333333	0	0.6666666667	0
0.3333333333	0	0.6666666667	0
0.1666666667	0	0.8333333333	0
0	0	0	1
1	0	0	0
0	0	0	1
0	0	1	0
0	1	0	0
1	0	0	0
0.8333333333	0	0.1666666667	0
0	0.5	0	0.5
0.1666666667	0	0.8333333333	0
0.3333333333	0.1666666667	0	0.5
0.6666666667	0	0	0.3333333333
0.3333333333	0	0	0.6666666667
0.5	0	0	0.5
0	0	0	1
0	0	0.1666666667	0.8333333333

MOTIF flyfactorsurvey_Poxn_SOLEXA_5_FBgn0003130
letter-probability matrix: alength= 4
0.03420806	0.8069353327	0.0820056232	0.0768509841
0.0018424689	0.0004606172	0.9378166743	0.0598802395
0.0446700508	0.0084602369	0	0.9468697124
0	0.8243654822	0	0.1756345178
0.9130287648	0.0869712352	0	0
0	0.9790186125	0	0.0209813875
0.020642978	0	0.979357022	0
0	0.5918781726	0.4081218274	0
0.0791878173	0.3187817259	0.0382402707	0.5637901861

MOTIF jaspar_MA0447_1
letter-probability matrix: alength= 4
0.4666666667	0.0833333333	0.4166666667	0.0333333333
0	0	0	1
0.0166666667	0.0166666667	0.05	0.9166666667
0.9	0	0.1	0
0	0.8833333333	0	0.1166666667
0.1166666667	0	0.8833333333	0
0	0.1	0	0.9
0.9166666667	0.05	0.0166666667	0.0166666667
1	0	0	0
0.0333333333	0.4166666667	0.0833333333	0.4666666667

MOTIF flyfactorsurvey_jigr1_SANGER_5_FBgn0039350
letter-probability matrix: alength= 4
0.5	0.35	0	0.15
0.5	0.25	0.15	0.1
0	0	0	1
0.75	0	0.05	0.2
0.95	0.05	0	0
0.95	0.05	0	0
1	0	0	0
0.8	0	0	0.2
0.75	0.2	0	0.05
0.65	0	0.05	0.3
0.55	0.2	0.2	0.05

MOTIF flyfactorsurvey_pan_FlyReg_FBgn0085432
letter-probability matrix: alength= 4
0.16	0.4	0.12	0.32
0.08	0.12	0	0.8
0.08	0	0.04	0.88
0.08	0	0	0.92
0	0.08	0.8	0.12
0.68	0	0.2	0.12
0.32	0	0	0.68
0.28	0.44	0.12	0.16

MOTIF flyfactorsurvey_hb_SOLEXA_5_FBgn0001180
letter-probability matrix: alength= 4
0.05	0.2166666667	0.35	0.3833333333
0.1029411765	0.2352941176	0.2794117647	0.3823529412
0.1428571429	0.3285714286	0.1285714286	0.4
0.1285714286	0.1142857143	0.4714285714	0.2857142857
0	0	0	1
0	0	0	1
0	0	0	1
0	0	0	1
0.0571428571	0	0	0.9428571429
0	0	0	1
0.6142857143	0.0571428571	0.3285714286	0

MOTIF jaspar_MA0172_1
letter-probability matrix: alength= 4
0	0.2	0	0.8
0	0.1333333333	0	0.8666666667
1	0	0	0
1	0	0	0
0	0	0	1
0	0	0	1
1	0	0	0

MOTIF stark_TTAATT
letter-probability matrix: alength= 4
0	0	0	1
0	0	0	1
1	0	0	0
1	0	0	0
0	0	0	1
0	0	0	1

MOTIF flyfactorsurvey_exd_FlyReg_FBgn0000611
letter-probability matrix: alength= 4
0	0	0.1666666667	0.8333333333
0.1666666667	0	0	0.8333333333
0	0	0	1
0.1666666667	0.3333333333	0.1666666667	0.3333333333
0.3333333333	0	0.5	0.1666666667
0.5	0	0	0.5
0.1666666667	0.1666666667	0.1666666667	0.5
0	0.3333333333	0.1666666667	0.5
0.3333333333	0	0	0.6666666667
0.5	0.1666666667	0.1666666667	0.1666666667

MOTIF flyfactorsurvey_Otp_Cell_FBgn0015524
letter-probability matrix: alength= 4
0.15	0.2	0.1	0.55
0.05	0.3	0.1	0.55
0	0.05	0	0.95
1	0	0	0
1	0	0	0
0	0	0	1
0	0.05	0.2	0.75
0.75	0	0.15	0.1

MOTIF flyfactorsurvey_Max_Mnt_SANGER_5_FBgn0017578
letter-probability matrix: alength= 4
0.1111111111	0.8888888889	0	0
0	1	0	0
1	0	0	0
0	1	0	0
0	0	1	0
0	0	0	1
0	0	1	0

MOTIF flyfactorsurvey_CG14962_SOLEXA_5_FBgn0035407
letter-probability matrix: alength= 4
0.4658385093	0.2298136646	0.1739130435	0.1304347826
0.9316770186	0.0186335404	0	0.049689441
0.6335403727	0.0683229814	0.1180124224	0.1801242236
0.1242236025	0.2360248447	0.5962732919	0.0434782609
0.2732919255	0	0.0434782609	0.6832298137
0	0.0310559006	0	0.9689440994
0	0	0.9813664596	0.0186335404
0.9627329193	0	0.0248447205	0.0124223602
0.9440993789	0.0559006211	0	0
0.5093167702	0.049689441	0.2795031056	0.1614906832
0.0621118012	0.9254658385	0	0.0124223602
0.9068322981	0.0062111801	0.0621118012	0.0248447205
0.0759493671	0.6835443038	0.0886075949	0.1518987342

MOTIF flyfactorsurvey_cato_da_SANGER_10_FBgn0000413
letter-probability matrix: alength= 4
0.3913043478	0.4782608696	0.0434782609	0.0869565217
0.4782608696	0.2173913043	0.3043478261	0
0	1	0	0
0.9565217391	0	0.0434782609	0
0.0869565217	0.2608695652	0.4347826087	0.2173913043
0.3043478261	0.652173913	0.0434782609	0
0.0434782609	0	0	0.9565217391
0	0	1	0
0.5217391304	0.0869565217	0.1304347826	0.2608695652
0	0.8260869565	0	0.1739130435

MOTIF transfac_pro_M00094
letter-probability matrix: alength= 4
0.5	0	0	0.5
0.3333333333	0.1666666667	0	0.5
0.5	0	0.1666666667	0.3333333333
0.5	0	0.3333333333	0.1666666667
0	0	0.3333333333	0.6666666667
1	0	0	0
1	0	0	0
1	0	0	0
0	0.5	0.3333333333	0.1666666667
0.6666666667	0	0.1666666667	0.1666666667
0.5	0.1666666667	0	0.3333333333
0.8333333333	0	0	0.1666666667
0.6666666667	0	0	0.3333333333

MOTIF flyfactorsurvey_br_PA_SANGER_5_FBgn0000210
letter-probability matrix: alength= 4
0.7272727273	0	0.2727272727	0
0.9090909091	0.0909090909	0	0
0	0	0	1
1	0	0	0
0	0	0.9090909091	0.0909090909
0	0	0	1
0	0	0.3636363636	0.6363636364

MOTIF flyfactorsurvey_Awh_SOLEXA_FBgn0013751
letter-probability matrix: alength= 4
0.0511363636	0.4204545455	0.0681818182	0.4602272727
0.0227272727	0	0.0056818182	0.9715909091
0.9261363636	0.0113636364	0.0568181818	0.0056818182
0.9715909091	0.0284090909	0	0
0	0.0397727273	0.0113636364	0.9488636364
0.0170454545	0.0113636364	0.3125	0.6590909091
0.7045454545	0.0227272727	0.2613636364	0.0113636364

MOTIF jaspar_MA0181_1
letter-probability matrix: alength= 4
0.0454545455	0.3636363636	0.0454545455	0.5454545455
0	0	0	1
1	0	0	0
1	0	0	0
0	0	0	1
0.0909090909	0	0.1363636364	0.7727272727
0.6818181818	0	0.2727272727	0.0454545455

MOTIF jaspar_MA0191_1
letter-probability matrix: alength= 4
0.2	0.1	0.15	0.55
0	0	0	1
1	0	0	0
1	0	0	0
0	0	0	1
0.05	0	0.3	0.65
0.75	0	0.25	0

MOTIF flyfactorsurvey_CG32105_Cell_FBgn0052105
letter-probability matrix: alength= 4
0.4736842105	0.0526315789	0	0.4736842105
0.1052631579	0.2105263158	0	0.6842105263
0.1052631579	0	0	0.8947368421
0.8947368421	0	0	0.1052631579
1	0	0	0
0	0	0.0526315789	0.9473684211
0	0	0.0526315789	0.9473684211
0.7894736842	0	0.2105263158	0
0.3157894737	0.2105263158	0.4736842105	0

MOTIF transfac_pro_M00455
letter-probability matrix: alength= 4
0.2142857143	0.1666666667	0.1666666667	0.4523809524
0.2142857143	0.3571428571	0.1666666667	0.2619047619
0.5	0	0.5	0
1	0	0	0
0.0238095238	0	0	0.9761904762
0.0238095238	0	0	0.9761904762
0.880952381	0	0.119047619	0
0.6666666667	0.119047619	0.1428571429	0.0714285714
0.2142857143	0.119047619	0.1428571429	0.5238095238
0.2857142857	0.2619047619	0.2380952381	0.2142857143

MOTIF flyfactorsurvey_ovo_SANGER_5_FBgn0003028
letter-probability matrix: alength= 4
0.7368421053	0.1052631579	0.1052631579	0.0526315789
0	0	0	1
1	0	0	0
1	0	0	0
0	1	0	0
0	0	1	0
0	0	1	0
0.1578947368	0.0526315789	0.3684210526	0.4210526316
0.8947368421	0	0.1052631579	0
0.1578947368	0.6842105263	0	0.1578947368
0.125	0.25	0	0.625

MOTIF jaspar_MA0454_1
letter-probability matrix: alength= 4
0.4666666667	0.3333333333	0	0.2
0.6666666667	0.3333333333	0	0
0	0.9333333333	0.0666666667	0
0.8	0	0.2	0
0	0	1	0
0	0	0	1
1	0	0	0
0	0	1	0
0	1	0	0
0.7333333333	0.2	0.0666666667	0
0.3333333333	0.2666666667	0.4	0

MOTIF flyfactorsurvey_tai_SANGER_5_FBgn0041092
letter-probability matrix: alength= 4
0.619047619	0	0.1428571429	0.2380952381
0.7142857143	0.0476190476	0	0.2380952381
0.5238095238	0.3333333333	0.0952380952	0.0476190476
0	1	0	0
1	0	0	0
0	1	0	0
0	0	1	0
0	0.0952380952	0	0.9047619048
0	0.0952380952	0.9047619048	0
0.3333333333	0	0.3333333333	0.3333333333
0.0952380952	0.7619047619	0.0952380952	0.0476190476

MOTIF jaspar_MA0244_1
letter-probability matrix: alength= 4
0.75	0.0833333333	0.0833333333	0.0833333333
0	0.0833333333	0	0.9166666667
0	0	0.25	0.75
0.25	0.1666666667	0.5833333333	0
0.1666666667	0.8333333333	0	0
0.5833333333	0.1666666667	0.1666666667	0.0833333333
0.5	0.4166666667	0.0833333333	0
0.9166666667	0.0833333333	0	0

MOTIF transfac_pro_M00163
letter-probability matrix: alength= 4
0.62	0.28	0.08	0.02
0	0	1	0
0.96	0.04	0	0
0.86	0.02	0.1	0.02
0.46	0.02	0.28	0.24
0.62	0.28	0.08	0.02
0	0	1	0
0.96	0.04	0	0
0.86	0.02	0.1	0.02
0.46	0.02	0.28	0.24
0.62	0.28	0.08	0.02
0	0	1	0
0.96	0.04	0	0
0.86	0.02	0.1	0.02
0.46	0.02	0.28	0.24

MOTIF stark_RSWGAGMRHRR
letter-probability matrix: alength= 4
0.5	0	0.5	0
0	0.5	0.5	0
0.5	0	0	0.5
0	0	1	0
1	0	0	0
0	0	1	0
0.5	0.5	0	0
0.5	0	0.5	0
0.3333333333	0.3333333333	0	0.3333333333
0.5	0	0.5	0
0.5	0	0.5	0

MOTIF flyfactorsurvey_net_da_SANGER_10_FBgn0002931
letter-probability matrix: alength= 4
0.4545454545	0.1818181818	0.3181818182	0.0454545455
0.2727272727	0.5909090909	0.1363636364	0
0	1	0	0
1	0	0	0
0	0.6363636364	0.0909090909	0.2727272727
0	1	0	0
0	0.0454545455	0	0.9545454545
0	0	1	0
0.0454545455	0.1818181818	0.3181818182	0.4545454545

MOTIF stark_TYAAGTGS
letter-probability matrix: alength= 4
0	0	0	1
0	0.5	0	0.5
1	0	0	0
1	0	0	0
0	0	1	0
0	0	0	1
0	0	1	0
0	0.5	0.5	0

MOTIF transfac_pro_M00234
letter-probability matrix: alength= 4
0.6	0.1	0.2	0.1
0.1	0.3	0.3	0.3
0	0.4	0	0.6
0	0	1	0
0	0	0	1
0	0	1	0
0.3	0	0.7	0
0	0	1	0
1	0	0	0
1	0	0	0
0.5	0.5	0	0
0.1	0.7	0.1	0.1
0.1	0.2	0.4	0.3

MOTIF flyfactorsurvey_Unc4_SOLEXA_FBgn0024184
letter-probability matrix: alength= 4
0.1885416667	0.3208333333	0.23125	0.259375
0.1364583333	0.3104166667	0.1177083333	0.4354166667
0.0208333333	0.0072916667	0.0083333333	0.9635416667
0.9822916667	0.0114583333	0.0020833333	0.0041666667
0.9927083333	0.0072916667	0	0
0	0.0145833333	0.0291666667	0.95625
0.0364583333	0.0208333333	0.0885416667	0.8541666667
0.4770833333	0.0145833333	0.4458333333	0.0625

MOTIF jaspar_MA0247_1
letter-probability matrix: alength= 4
0	0.5625	0.1875	0.25
0.0625	0	0	0.9375
0	0.6875	0.0625	0.25
1	0	0	0
1	0	0	0
0	0	1	0
0	0	0	1
0.1875	0	0.8125	0

MOTIF flyfactorsurvey_CG15696_SOLEXA_FBgn0038833
letter-probability matrix: alength= 4
0.1956521739	0.2264492754	0.2083333333	0.3695652174
0.134057971	0.1865942029	0.1014492754	0.5778985507
0.1268115942	0.018115942	0.0199275362	0.8351449275
0.6413043478	0	0.1286231884	0.2300724638
0.9945652174	0	0.0054347826	0
0	0.0036231884	0.0199275362	0.9764492754
0.0018115942	0.0018115942	0.0199275362	0.9764492754
0.4221014493	0	0.5760869565	0.0018115942

MOTIF stark_TAATTR
letter-probability matrix: alength= 4
0	0	0	1
1	0	0	0
1	0	0	0
0	0	0	1
0	0	0	1
0.5	0	0.5	0

MOTIF flyfactorsurvey_onecut_SOLEXA_FBgn0028996
letter-probability matrix: alength= 4
0.1478873239	0.2852112676	0.2605633803	0.3063380282
0.0457746479	0.1161971831	0.1302816901	0.7077464789
0	0	0.0774647887	0.9225352113
0.3345070423	0.0176056338	0.6478873239	0
0.9366197183	0.0633802817	0	0
0	0	0.0422535211	0.9577464789
0	0.014084507	0.1091549296	0.8767605634
0.5809859155	0.0105633803	0.264084507	0.1443661972

MOTIF flyfactorsurvey_Eip74EF_FlyReg_FBgn0000567
letter-probability matrix: alength= 4
0.75	0	0.125	0.125
0.25	0.625	0	0.125
0	0	0	1
0	0	0	1
0	0.875	0.125	0
0	0.875	0	0.125
0	0	0.25	0.75
0	0	0.625	0.375
0.25	0	0.25	0.5
0.25	0	0.125	0.625

MOTIF flyfactorsurvey_Sox15_SANGER_5_FBgn0005613
letter-probability matrix: alength= 4
0.5714285714	0.0476190476	0.2380952381	0.1428571429
0.619047619	0.0952380952	0.0952380952	0.1904761905
1	0	0	0
0	1	0	0
1	0	0	0
1	0	0	0
0.1428571429	0	0	0.8571428571
0.2857142857	0	0.6666666667	0.0476190476

MOTIF flyfactorsurvey_l_1_sc_da_SANGER_5_FBgn0002561
letter-probability matrix: alength= 4
0.1739130435	0	0.8260869565	0
0	1	0	0
0.9130434783	0	0.0434782609	0.0434782609
0.0434782609	0	0.9565217391	0
0	0	0.9565217391	0.0434782609
0	0	0	1
0.0434782609	0	0.9565217391	0

MOTIF jaspar_MA0169_1
letter-probability matrix: alength= 4
0.2857142857	0.0952380952	0.0476190476	0.5714285714
0	0	0	1
1	0	0	0
1	0	0	0
0.2380952381	0	0	0.7619047619
0.1428571429	0.0476190476	0.0952380952	0.7142857143
0	0	1	0

MOTIF transfac_pro_M00044
letter-probability matrix: alength= 4
0.5555555556	0.2222222222	0.1111111111	0.1111111111
0.1111111111	0.4444444444	0.3333333333	0.1111111111
0.2222222222	0.5555555556	0.1111111111	0.1111111111
0.8888888889	0	0.1111111111	0
0.1111111111	0.5555555556	0.2222222222	0.1111111111
0	0.5555555556	0.2222222222	0.2222222222
0	0	0	1
0	0	1	0
0.2222222222	0.2222222222	0	0.5555555556
0	0	0	1
0.2222222222	0.1111111111	0.2222222222	0.4444444444
0.3333333333	0.2222222222	0.3333333333	0.1111111111
0.1111111111	0.5555555556	0.2222222222	0.1111111111
0.6666666667	0.1111111111	0	0.2222222222

MOTIF flyfactorsurvey_twi_da_SANGER_5_FBgn0003900
letter-probability matrix: alength= 4
0.5217391304	0.1739130435	0.3043478261	0
0.0434782609	0.8260869565	0.0869565217	0.0434782609
0	0.9565217391	0	0.0434782609
1	0	0	0
0	0.1304347826	0.6956521739	0.1739130435
0.9565217391	0	0.0434782609	0
0	0	0	1
0	0.0434782609	0.9565217391	0
0	0.0869565217	0.1739130435	0.7391304348
0	0.3181818182	0.3181818182	0.3636363636

MOTIF flyfactorsurvey_h_NAR_FBgn0001168
letter-probability matrix: alength= 4
0	0.0555555556	0.9444444444	0
0.1666666667	0.2222222222	0.3333333333	0.2777777778
0	1	0	0
0.6666666667	0	0.3333333333	0
0	1	0	0
0.0555555556	0	0.9444444444	0
0	0.2777777778	0	0.7222222222
0	0	1	0
0.1111111111	0.7222222222	0.1666666667	0
0	1	0	0

MOTIF flyfactorsurvey_ttk_FlyReg_FBgn0003870
letter-probability matrix: alength= 4
0.2857142857	0.1428571429	0.5714285714	0
0	0.5714285714	0.2857142857	0.1428571429
0.4285714286	0.5714285714	0	0
0.8571428571	0	0.1428571429	0
0	0	1	0
0	0	1	0
1	0	0	0
0	0.7142857143	0	0.2857142857
0.4285714286	0.5714285714	0	0
0.1428571429	0.1428571429	0	0.7142857143
0	0.4285714286	0.1428571429	0.4285714286
0	0.2857142857	0.4285714286	0.2857142857

MOTIF flyfactorsurvey_CG16778_SANGER_5_FBgn0003715
letter-probability matrix: alength= 4
0	0.8333333333	0.1111111111	0.0555555556
0.9473684211	0.0526315789	0	0
0	1	0	0
1	0	0	0
0	0.45	0	0.55
0.85	0	0.15	0
0	0.3	0	0.7
0	0.05	0.9	0.05

MOTIF flyfactorsurvey_CG12361_SOLEXA_FBgn0250756
letter-probability matrix: alength= 4
0.2475795297	0.1825726141	0.142461964	0.4273858921
0.1645919779	0.0954356846	0.0401106501	0.6998616874
0.0580912863	0.0138312586	0	0.928077455
0.5933609959	0.0124481328	0.060857538	0.3333333333
0.9764868603	0	0.0235131397	0
0.0055325035	0.0138312586	0	0.9806362379
0.0857538036	0.0193637621	0.3457814661	0.5491009682
0.6348547718	0.020746888	0.3195020747	0.0248962656

MOTIF flyfactorsurvey_cato_da_SANGER_10_FBgn0024249
letter-probability matrix: alength= 4
0.3913043478	0.4782608696	0.0434782609	0.0869565217
0.4782608696	0.2173913043	0.3043478261	0
0	1	0	0
0.9565217391	0	0.0434782609	0
0.0869565217	0.2608695652	0.4347826087	0.2173913043
0.3043478261	0.652173913	0.0434782609	0
0.0434782609	0	0	0.9565217391
0	0	1	0
0.5217391304	0.0869565217	0.1304347826	0.2608695652
0	0.8260869565	0	0.1739130435

MOTIF jaspar_MA0204_1
letter-probability matrix: alength= 4
0	0	0	1
0	0	1	0
1	0	0	0
0	0.35	0.2	0.45
1	0	0	0
0.05	0.95	0	0

MOTIF flyfactorsurvey_CG7368_SOLEXA_2_5_FBgn0036179
letter-probability matrix: alength= 4
0.1306532663	0.0653266332	0.3266331658	0.4773869347
0.352173913	0.0826086957	0.2869565217	0.2782608696
0.0974576271	0	0.843220339	0.0593220339
0.0254237288	0	0.563559322	0.4110169492
0.0169491525	0	0.9491525424	0.0338983051
0.0127118644	0	0.9745762712	0.0127118644
0.0889830508	0.0042372881	0.7203389831	0.186440678
0.2627118644	0	0.3559322034	0.3813559322
0.0084745763	0	0.8474576271	0.1440677966
0	0	0.9957627119	0.0042372881
0.0042372881	0	0.9618644068	0.0338983051
0.0127118644	0	0.9745762712	0.0127118644
0.0211864407	0.0042372881	0.8601694915	0.1144067797
0.2881355932	0.093220339	0.4025423729	0.2161016949
0.2887931034	0.0689655172	0.4784482759	0.1637931034

MOTIF flyfactorsurvey_Opa_SANGER_5_FBgn0003002
letter-probability matrix: alength= 4
0.5833333333	0.25	0.0833333333	0.0833333333
0.1666666667	0	0.4166666667	0.4166666667
0.3333333333	0.4166666667	0.1666666667	0.0833333333
0.3333333333	0.5833333333	0.0833333333	0
0.25	0.75	0	0
0.0833333333	0.75	0.1666666667	0
0	1	0	0
0	0.9166666667	0.0833333333	0
0	1	0	0
0.6666666667	0.25	0.0833333333	0
0	0.9166666667	0.0833333333	0
0	0.6666666667	0	0.3333333333
0.25	0	0.75	0

MOTIF jaspar_MA0170_1
letter-probability matrix: alength= 4
0.0526315789	0.0526315789	0	0.8947368421
0	0	0	1
0.8947368421	0	0	0.1052631579
1	0	0	0
0.3157894737	0.1052631579	0	0.5789473684
0	0.1578947368	0.3157894737	0.5263157895
0.5263157895	0	0.4736842105	0

MOTIF flyfactorsurvey_CG32532_SOLEXA_FBgn0052532
